$ 1 0.00000156025 3.1763992386181834 61 5 43 5e-11
R 224 592 192 592 0 1 1000 0.1 0 0 0.5
a 720 496 816 496 9 5 0 1000000 2.2877880124960415 2.2877837682562916 100000
w 640 480 720 480 0
a 720 752 816 752 8 5 0 1000000 2.499995755802691 2.5 100000
r 720 560 816 560 0 1000
w 816 560 816 496 0
w 720 560 720 512 0
r 720 560 720 624 0 1000
R 720 624 720 656 0 0 40 2.5 0 0 0.5
r 720 688 816 688 0 2000
w 816 688 816 752 0
w 720 688 720 736 0
r 720 736 640 736 0 1000
R 720 768 688 768 0 0 40 2.5 0 0 0.5
w 640 736 640 608 0
w 640 480 640 608 0
a 400 608 512 608 8 5 0 1000000 2.5000022931040107 2.5 100000
r 304 592 400 592 0 1000
R 400 624 368 624 0 0 40 2.5 0 0 0.5
174 400 512 480 544 1 10000 0.46040000000000003 Gain
w 512 608 512 544 0
w 512 544 448 544 0
w 400 512 400 592 0
c 576 608 576 656 0 1.0000000000000001e-7 -0.2122162317437084 0.001
r 576 608 512 608 0 100
w 576 608 640 608 0
R 576 656 576 688 0 0 40 2.5 0 0 0.5
c 224 592 304 592 0 1.0000000000000001e-7 -2.4703844658343312 0.001
r 304 592 304 656 0 1000000
R 304 656 304 688 0 0 40 2.5 0 0 0.5
r 896 560 960 560 0 4700
r 832 688 896 688 0 1000
r 960 560 1024 560 0 2200
r 960 688 1024 688 0 680
a 1024 624 1120 624 8 5 0 1000000 2.724922877174376 2.724932192664387 100000
w 1024 608 1024 560 0
w 1024 640 1024 688 0
c 1024 560 1120 560 0 4.7e-10 -0.7066261238772578 0.001
c 1024 688 1024 736 0 2.2000000000000003e-9 2.724932192664387 0.001
g 1024 736 1040 736 0 0
r 1024 512 1120 512 0 5100
w 1120 512 1120 560 0
w 1120 560 1120 624 0
w 1024 512 960 512 0
w 960 512 960 560 0
c 960 512 960 464 0 2.2e-9 2.726226209977679 0.001
g 960 464 960 448 0 0
w 960 688 960 784 0
c 960 784 912 784 0 6.8000000000000005e-9 2.7243925240028 0.001
g 912 784 912 800 0 0
r 960 784 1024 784 0 1000
g 1136 784 1136 800 0 0
209 1088 784 1136 784 0 0.000022 2.498403892456415 0.001 1
r 1168 624 1168 688 0 1000000
p 1168 624 1232 624 1 0 0
g 1232 624 1248 624 0 0
g 1168 688 1168 704 0 0
r 224 592 224 656 0 1000000
g 224 656 224 672 0 0
c 1120 624 1168 624 0 1.0000000000000001e-7 2.501636519793289 0.001
w 816 560 896 560 0
r 896 688 960 688 0 330
w 816 688 832 688 0
r 1024 784 1088 784 0 470
o 53 16 0 135178 5 0.000390625 0 1
o 28 16 0 135178 0.15625 0.1 1 2 28 3
